#->appartamento (numero(1), dimensione Mq(1/n), stanze(1/n), letti(1/n), piano(1/n), prezzomin(1/n),
#  nOspiti(1/n), stagione(bassa, media, alta), stato(libero, occupato, lavori), disabile(1,0),
#  piscina(1,0), spiaggia(1,0), lavatrice(1,0), fornelli(gas, induzione),
#  puliziaCucina(1,0)
#
#->camera(numero (2), dimensione(1/n), nletti(1/n), piano(1/n), prezzo(1/n), ospiti, disabile, stagione, stato(0,1,2)
#		   piscina, spiaggia, ristorante 
#
#->suite (numero(3), dimensione Mq(1/n), stanze(1/n), letti(1/n), piano(1/n), prezzomin(1/n),
#  nOspiti(1/n), stagione(bassa, media, alta), stato(libero, occupato, lavori), disabile(1,0),
#  piscina(1,0), spiaggia(1,0), pensione(colazione, mezza, completa),
#  ufficio(1,0), relax(1,0), servizioInCamera(1,0)
#
#->camper (numero(4), dimensione Mq(1/n), prezzo(1/n), letti(1/n), ospiti(1/n), piano(1/n),
#  disabile(1,0), stagione(1/n), stato(libero, occupato, lavori),
#  piscina(1,0), spiaggia(1,0), acqua(1,0), elettricita(1,0)
#
# START
#
1 20 1 2 2 20 0 0 1 0 0 0 0 1 0
1 30 1 3 0 25 0 0 2 1 0 0 0 1 0
1 30 1 4 5 25 0 0 0 0 0 0 0 0 0
1 30 1 2 0 25 0 0 0 1 0 0 0 1 0
1 35 1 4 1 40 0 0 1 0 0 0 1 0 0
1 35 2 3 3 40 0 0 2 0 0 0 0 0 0
1 35 2 4 3 50 0 0 0 0 0 0 0 0 0
1 35 2 5 4 50 0 0 1 0 0 0 0 1 0
1 40 2 2 4 60 0 0 1 1 0 0 1 1 0
1 40 2 3 1 60 0 0 0 1 0 0 1 0 0
1 40 2 5 6 65 0 0 0 0 0 0 0 1 0
1 40 2 4 5 65 0 0 0 0 0 0 1 1 0 
1 40 2 3 0 65 0 0 1 1 0 0 1 1 0 
1 40 2 6 7 70 0 0 0 0 0 0 0 0 0
1 40 3 3 0 70 0 0 1 1 0 0 1 1 0
1 45 3 4 6 80 0 0 0 0 0 0 1 1 0
1 45 3 4 0 80 0 0 2 0 0 0 1 1 0
1 45 3 5 4 80 0 0 0 0 0 0 1 0 0
1 45 3 6 1 90 0 0 0 0 0 0 0 0 0
1 55 3 4 2 90 0 0 1 0 0 0 1 1 0
1 55 3 5 6 95 0 0 0 0 0 0 0 1 0
1 55 3 6 0 95 0 0 0 1 0 0 1 1 0
1 55 3 8 3 95 0 0 1 0 0 0 0 0 0
2 10 2 0 30 0 1 0 2 1 0 0
2 12 2 3 35 0 0 0 0 1 0 0
2 12 2 5 35 0 0 0 0 1 0 0
2 12 2 4 35 0 0 0 0 1 0 0
2 12 2 0 40 0 1 0 1 1 0 0
2 12 3 1 45 0 0 0 1 1 0 0
2 12 3 2 45 0 0 0 0 1 0 0
2 15 2 1 40 0 0 0 0 1 0 0
2 15 2 3 40 0 0 0 2 1 0 0
2 15 2 0 45 0 1 0 1 1 0 0
2 15 2 0 45 0 0 0 0 1 0 0
2 15 3 4 55 0 0 0 2 1 0 0
2 15 3 3 55 0 0 0 0 1 0 0
2 15 3 0 60 0 0 0 0 1 0 0
2 15 3 0 60 0 1 0 0 1 0 0
2 18 2 1 45 0 1 0 1 1 0 0
2 18 2 5 45 0 0 0 0 1 0 0
2 18 2 2 45 0 0 0 1 1 0 0
2 18 3 6 60 0 0 0 1 1 0 0
2 18 3 1 60 0 0 0 0 1 0 0
2 18 3 0 65 0 1 0 0 1 0 0
2 18 3 4 60 0 0 0 0 1 0 0
2 18 4 4 70 0 0 0 0 1 0 0
2 18 4 0 75 0 1 0 1 1 0 0
2 25 4 0 95 0 1 0 0 1 0 0
2 25 6 3 100 0 0 0 0 1 0 0
3 30 1 2 0 110 0 0 2 1 1 0 0 0 0 0
3 30 1 3 4 120 0 0 0 0 1 0 0 0 0 0
3 40 1 2 5 120 0 0 0 0 1 0 0 0 0 0
3 40 2 3 2 130 0 0 1 0 1 0 0 0 0 0
3 50 2 2 0 145 0 0 0 1 1 0 0 0 0 0
3 50 2 4 1 170 0 0 0 0 1 0 0 0 0 0
3 60 2 4 1 180 0 0 1 0 1 0 0 0 0 0
3 60 3 2 0 180 0 0 0 0 1 0 0 0 0 0
3 60 3 4 0 200 0 0 2 1 1 0 0 0 0 0
3 80 3 2 5 200 0 0 0 0 1 0 0 0 0 0
3 80 3 3 2 220 0 0 1 0 1 0 0 0 0 0
3 80 3 4 0 240 0 0 0 1 1 0 0 0 0 0
3 100 4 6 3 290 0 0 0 0 1 0 0 0 0 0
4 10 10 0 0 0 0 0 0 0 0 0 0
4 15 12 0 0 0 0 0 0 0 0 0 0
4 15 12 0 0 0 0 0 1 0 0 0 0
4 15 12 0 0 0 0 0 2 0 0 0 0
4 20 15 0 0 0 0 0 0 0 0 0 0
4 20 15 0 0 0 0 0 1 0 0 0 0
4 20 15 0 0 0 0 0 0 0 0 0 0
4 25 18 0 0 0 0 0 1 0 0 0 0
4 25 18 0 0 0 0 0 0 0 0 0 0
4 30 20 0 0 0 0 0 0 0 0 0 0  